x
-1 1
1 0 4.54
2 0 14.28
3 0 5.1
4 0 42.81
5 0 10
6 0 5.88
7 0 7.27
8 0 11.11
9 0 5.26
10 0 11.11
11 0 2.61
12 0 9.67
13 0 5.55
14 0 10
15 0 2.86
16 0 10.16
17 0 7.14
18 0 9.09
19 0 18.75
20 0 6.32
21 0 11.11
22 0 17.1
23 0 5.45
24 0 12.5
25 0 20.83
26 0 16.66
27 0 33.33
28 0 9.09
29 0 14.28
30 0 5.88
31 0 4.76
32 0 4.76
33 0 18.18
34 0 4.76
35 0 20
36 0 7.69
37 0 5.05
38 0 4
39 0 9.75
40 0 4.76
41 0 7.14
42 0 14.28
43 0 3.57
44 0 16.66
45 0 21.42
46 0 16.7
47 0 2.17
48 0 5
49 0 4.385
50 0 9.752000000000001
51 0 2.777
52 0 19.131
53 0 6.003
54 0 19.829
55 1 1102.5
56 1 9989
57 1 15841
